"PATIENT ID","Test",,,,
"DATE:","12-Sep-2022",,,,
"DEMOGRAPHIC","Male",,,,
"COMMENTS:","Test",,,,
,,,,,
"TRIAL","STIM COLOR","STIM WORD","STIM PRESENTATION TIME","RESPONSE TIME","CORRECT/INCORRECT"
1,9,"BROWN",5.0003088,5.0003088,1
2,2,"ORANGE",6.8380746,1.8377658,1
3,10,"ORANGE",7.964238,1.1261634,0
4,2,"RED",8.5887385,0.6245005,1
5,4,"ORANGE",9.5720751,0.9833366,1
6,2,"BROWN",10.8793536,1.3072785,1
7,1,"BROWN",11.6793742,0.8000206,0
8,5,"ORANGE",12.8578764,1.1785022,1
9,6,"PURPLE",14.0094917,1.1516153,1
10,5,"GREY",14.9456008,0.9361091,0
11,3,"PURPLE",16.1973281,1.2517273,1
12,6,"BROWN",19.4137553,3.2164272,1
13,8,"WHITE",20.255187,0.8414317,0
14,6,"GREEN",21.2370546,0.9818676,1
15,9,"WHITE",22.8125576,1.575503,1
16,1,"GREEN",23.9979527,1.1853951,1
17,4,"GREY",25.2003117,1.202359,1
18,10,"RED",26.5757861,1.3754744,1
19,5,"BLUE",28.4676306,1.8918445,1
20,7,"YELLOW",28.7445527,0.2769221,0
21,10,"GREY",29.2446611,0.5001084,1
22,4,"YELLOW",30.4682819,1.2236208,1
23,8,"YELLOW",31.8314933,1.3632114,1
24,2,"YELLOW",33.2995933,1.4681,0
25,2,"WHITE",34.7312045,1.4316112,1
26,10,"WHITE",35.9354531,1.2042486,1
27,1,"GREY",38.6251836,2.6897305,1
28,3,"ORANGE",40.6433405,2.0181569,1
29,7,"PURPLE",42.9744635,2.331123,1
30,6,"PINK",45.0269449,2.0524814,1
31,8,"ORANGE",46.8218454,1.7949005,1
32,10,"BROWN",49.0700163,2.2481709,1
33,8,"GREY",50.7937932,1.7237769,1
34,6,"YELLOW",55.4971973,4.7034041,1
,,,,,
,,,,,
,,,,,
,,,,,
,,,,,
,,,,,
,,,,,
,,,,,
,,,,,
,,,,,
,,,,,
,,,,,
,,,,,
,,,,,
,,,,,
,,,,,
,,,,,
,,,,,
,,,,,
,,,,,
,,,,,
,,,,,
,,,,,
,,,,,
,,,,,
,,,,,
,,,,,
,,,,,
,,,,,
,,,,,
,,,,,
,,,,,
,,,,,
,,,,,
,,,,,
,,,,,
,,,,,
,,,,,
,,,,,
,,,,,
,,,,,
,,,,,
,,,,,
,,,,,
,,,,,
,,,,,
,,,,,
,,,,,
,,,,,
,,,,,
,,,,,
,,,,,
,,,,,
,,,,,
,,,,,
,,,,,
,,,,,
,,,,,
,,,,,
,,,,,
,,,,,
,,,,,
,,,,,
,,,,,
,,,,,
,,,,,
,,,,,
,,,,,
,,,,,
,,,,,
,,,,,
,,,,,
,,,,,
,,,,,
,,,,,
,,,,,
,,,,,
,,,,,
,,,,,
,,,,,
,,,,,
,,,,,
,,,,,
,,,,,
,,,,,
,,,,,
,,,,,
,,,,,
,,,,,
,,,,,
,,,,,
,,,,,
,,,,,
,,,,,
,,,,,
,,,,,
,,,,,
,,,,,
,,,,,
,,,,,
,,,,,
,,,,,
,,,,,
,,,,,
,,,,,
,,,,,
,,,,,
,,,,,
,,,,,
,,,,,
,,,,,
,,,,,
,,,,,
,,,,,
,,,,,
,,,,,
,,,,,
,,,,,
,,,,,
,,,,,
,,,,,
,,,,,
,,,,,
,,,,,
,,,,,
,,,,,
,,,,,
,,,,,
,,,,,
,,,,,
,,,,,
,,,,,
,,,,,
,,,,,
,,,,,
,,,,,
,,,,,
,,,,,
,,,,,
,,,,,
,,,,,
,,,,,
,,,,,
,,,,,
,,,,,
,,,,,
,,,,,
,,,,,
,,,,,
,,,,,
,,,,,
,,,,,
,,,,,
,,,,,
,,,,,
,,,,,
,,,,,
,,,,,
,,,,,
,,,,,
,,,,,
,,,,,
,,,,,
,,,,,
,,,,,
,,,,,
